2 2.646
2 2.815
4 2.979
3 4.312
2 7.980
2 8.149
4 8.312
1 9.481
2 9.646
4 9.978
3 10.312
2 10.484
1 10.645
2 10.831
2 13.312
2 13.481
4 13.645
3 14.979
2 18.646
2 18.815
4 18.978
4 19.645
3 19.814
1 20.148
2 20.312
3 20.646
2 20.915
3 20.979
2 21.148
3 21.233
4 21.312
3 21.481
-
2 21.646
2 21.979
2 22.148
2 22.312
1 22.646
2 22.815
2 23.148
2 23.481
2 23.646
1 23.979
-
2 24.312
2 24.646
2 24.815
2 24.979
1 25.312 
2 25.481
2 25.815
2 26.148
2 26.312
3 26.646
-
2 26.979
2 27.312
2 27.481
2 27.646
1 27.979
2 28.148
2 28.481
2 28.815
2 28.979
3 29.312
-
4 29.646
4 29.979
4 30.148
4 30.312
2 30.646
3 30.815
3 31.148
3 31.481
3 31.646
1 31.979
-
2 32.312
2 32.646
2 32.815
2 32.979
1 33.312 
2 33.481
2 33.815
2 34.148
2 34.312
2 34.646
-
2 34.979
2 35.312
2 35.481
2 35.646
1 35.979
2 36.148
2 36.481
2 36.815
2 36.979
2 37.312
-
2 37.646
2 37.979
2 38.148
2 38.312
1 38.646
2 38.815
2 39.148
2 39.481
2 39.646
2 39.979
-
2 40.312
2 40.646
2 40.815
2 40.979
1 41.312 
2 41.481
2 41.815
2 42.148
2 42.312
2 42.646
-
2 42.979
1 43.148
0 43.312
2 43.481
1 43.646
0 43.815
2 43.979
1 44.148
2 44.312
1 44.481
0 44.646
2 44.815
1 44.979
0 45.148
1 45.312
2 45.481
3 45.646
2 45.815
1 45.979
3 46.148
2 46.312
1 46.481
2 46.646
3 46.815
4 46.979
3 47.148
2 47.312
4 47.481
3 47.646
2 47.841
4 47.979
1 48.148
-
2 48.312
1 48.481
0 48.646
2 48.815
1 48.979
0 49.148
2 49.312
1 49.481
2 49.646
1 49.815
0 49.979
2 50.148
1 50.312
0 50.481
1 50.646
2 50.815
3 50.979
2 51.148
1 51.312
3 51.481
2 51.646
1 51.815
2 51.979
3 52.148
4 52.312
3 52.481
2 52.646
4 52.815
3 52.979
2 53.148
4 53.312
1 53.481
0 53.646
1 54.148
2 54.646
3 54.979
4 56.312
3 57.646
2 58.979
4 59.481
3 59.979
2 60.312
1 61.646
0 62.979
1 63.312
-
0 64.312
2 64.481
1 64.646
2 64.815
0 65.148
1 65.312
2 65.646
2 65.979
3 66.148
3 66.418
2 66.646
1 66.815
-
0 66.979
2 67.148
1 67.312 
2 67.481
0 67.814
1 67.979
2 68.312
2 68.646
4 68.815
4 69.148
3 69.312
-
0 69.646
2 69.815
1 69.979
2 70.148
0 70.481
1 70.646
2 70.979
2 71.312
3 71.481
3 71.815
2 71.979
1 72.148
-
0 72.312
2 72.481
1 72.646
2 72.815
0 73.148
1 73.312
2 73.646
2 73.979
4 74.148
4 74.481
3 74.646
0 74.979
0 75.148
0 75.481
0 75.815
0 76.148
1 76.312
1 76.418
1 76.815
1 77.148
1 77.418
2 77.646
2 77.815
2 78.148
2 78.418
2 78.815
3 78.979
3 79.148
3 79.418
3 79.815
3 80.148
0 80.312
0 80.481
0 80.815
0 81.148
0 81.481
1 81.646
1 81.815
1 82.148
1 82.481
1 82.815
0 82.979
0 83.148
0 83.481
0 83.815
0 84.148
4 84.312
4 84.481
3 84.815
2 85.148
1 85.312
2 85.646
2 86.979
2 88.312
2 89.646
-
0 90.979
2 91.090
1 91.201
3 91.312
2 91.397
1 91.481
3 91.564
2 91.646
1 91.731
3 91.815
2 91.897
3 92.090
2 92.201
0 92.312
2 92.423
1 92.534
3 92.646
2 92.731
1 92.815
3 92.897
2 92.979
1 93.064 
4 93.148
1 93.230
2 93.312
4 93.397
1 93.481
2 93.564
-
0 93.646 
2 93.757
1 93.868
3 93.979
2 94.064 
4 94.148
3 94.230
2 94.312
3 94.397
2 94.481
1 94.564
3 94.646
2 94.731
4 94.815
3 94.897
3 94.979
4 95.064
2 95.148
3 95.230
1 95.312
2 95.397
0 95.481
1 95.564
2 95.646
0 95.761
1 95.815
2 95.897
0 95.979
1 96.064 
2 96.148
0 96.230
1 96.312